## k=1
s1 <- 1:(n-1)
s2 <- 2:n

t1 <- 1:(n-2)
t2 <- 2:(n-1)
t3 <- 3:n

u1 <- 1:(n-3)
u2 <- 2:(n-2)
u3 <- 3:(n-1)
u4 <- 4:n
